Accession n k30_s2000 k25_s2000 k21_s2000 k20_s2000 k19_s2000 k10_s2000 k21_s4000 k21_s1000 k19_s500
GCA_000149735.1 67486818 21276 21034 20569 20649 20684 246 10332 41476 83230
GCA_000318465.2 61013929 29260 29110 29069 28601 28974 245 14564 57821 115683
GCA_000333055.2 46655703 22030 21661 21612 21107 21593 245 10844 42916 86044
GCA_000333075.3 43050979 20883 20987 20447 20500 20612 245 10324 41045 82353
GCA_000333095.2 43528076 21099 21237 20704 20712 20773 246 10451 41499 83246
GCA_000333115.2 43469012 21078 21184 20653 20705 20759 245 10414 41435 83096
GCA_000336535.2 48308320 23138 22809 22676 22744 22712 245 11364 45545 91089
GCA_000338795.2 49640949 23337 22969 22875 22332 22748 245 11482 45384 90995
GCA_000338815.2 47555355 22558 22236 22155 21760 22207 246 11117 44065 88300
GCA_000340395.2 39354211 18986 18876 18731 19048 18813 245 9382 37654 75503
GCA_000439335.1 239008219 76079 71047 66726 66059 64302 460 33504 133197 267732
GCA_000443045.1 233534499 57258 54009 51204 50319 49646 472 25735 102193 204972
GCA_000448265.2 39977157 18151 18277 17701 17859 17897 247 8911 35550 71550
GCA_000468175.2 64646683 24615 24107 24017 23739 23610 272 12041 47702 95465
GCA_000500205.2 53108570 23755 23241 23039 22482 22879 248 11575 45782 91749
GCA_000500225.2 95817914 31237 29909 28968 28711 28168 306 14526 57779 115408
GCA_000509465.1 48679260 23032 23126 22989 22900 22886 245 11434 46182 92025
GCA_000509485.1 48045558 22808 22874 22673 22656 22632 245 11272 45586 90943
GCA_000509505.1 48410320 22986 23208 22775 22691 22834 245 11379 45701 91308
GCA_000509525.1 48316528 23080 22966 22730 22757 22772 245 11310 45633 91282
GCA_000686205.4 76932016 31925 31276 30466 30370 30130 245 15237 60764 121898
GCA_000687305.2 79961817 31259 30551 30211 29647 29337 245 15115 59935 120338
GCA_000751395.2 59596164 27569 26896 27096 26549 26688 245 13518 54144 107946
GCA_000785725.3 37171947 17842 18016 17481 17609 17654 245 8797 35087 70618
GCA_000785735.3 37049235 17797 17961 17397 17569 17631 245 8761 34936 70351
GCA_001278135.1 42499830 20001 19815 19666 19731 19628 245 9817 39537 79192
GCA_001278145.1 42277159 19955 19755 19549 19756 19655 245 9768 39343 78971
GCA_001278155.1 42259081 19953 19749 19632 19700 19656 245 9808 39373 78981
GCA_001278165.1 41867278 19987 19771 19670 19782 19723 245 9816 39464 79116
GCA_001278215.1 42346485 20087 19887 19731 19909 19824 245 9842 39699 79560
GCA_001278225.1 42368190 19951 19762 19611 19692 19667 245 9790 39384 78964
GCA_001278235.1 42491462 20043 19787 19651 19801 19713 245 9836 39466 79159
GCA_001314345.1 40564390 19354 19604 19266 19310 19355 245 9568 38536 77328
GCA_001314355.1 40835483 19508 19689 19356 19363 19488 245 9624 38694 77649
GCA_001314365.1 54365410 26181 26256 26004 26090 25861 245 13047 51769 103298
GCA_001314375.1 56277789 26612 26665 25999 25866 26080 246 13123 52345 104629
GCA_001314425.1 54293385 25399 25279 24874 24869 24958 245 12326 49878 99770
GCA_001314435.1 37809042 17804 17907 17745 17829 17727 245 8963 35527 71326
GCA_001314445.1 37705797 17784 17860 17724 17816 17710 245 8954 35475 71206
GCA_001314455.1 53396777 25091 25017 24582 24576 24715 246 12182 49279 98581
GCA_001314505.1 54647042 26043 25954 25949 25880 25712 245 13000 51783 103187
GCA_001314925.1 55592035 26181 26320 25739 25575 25766 245 13023 51749 103389
GCA_001482985.1 72309311 26372 25838 25413 25189 25237 245 12666 50842 101513
GCA_001483015.1 82633274 25065 24802 24580 24342 24513 271 12206 49216 98176
GCA_001707905.2 38682503 18028 18182 17556 17779 17763 245 8830 35323 71132
GCA_001712645.2 37466154 17667 17569 17459 17343 17265 245 8738 34766 69592
GCA_001712655.1 38588741 18013 18179 17559 17770 17757 245 8835 35313 71102
GCA_001712705.2 37149886 17704 17651 17527 17408 17293 245 8765 34876 69799
GCA_001712715.2 37835829 17959 18119 17528 17736 17703 245 8822 35255 70944
GCA_001933315.1 39529821 19192 19008 18851 19088 18943 245 9429 37871 75957
GCA_001933325.1 39480448 19102 19005 18931 19039 18970 245 9484 37925 75924
GCA_001933335.1 39360819 19247 19050 18900 19031 19012 245 9470 37986 76118
GCA_001933345.1 39635022 19228 19090 18917 19156 19001 245 9499 38122 76283
GCA_001933395.1 39758578 19195 19121 19005 19251 19051 245 9516 38105 76369
GCA_001933405.1 39676326 19285 19098 19021 19204 19109 245 9528 38094 76441
GCA_001933415.1 39681263 19205 19068 18993 19120 18995 245 9524 38087 76256
GCA_001933455.1 39791088 19158 19160 19069 19214 18982 245 9529 38256 76578
GCA_001933465.1 40936478 19699 19708 19568 19720 19623 245 9772 39259 78750
GCA_001933485.1 39706000 19184 19053 18988 19154 19005 245 9535 38150 76421
GCA_001955675.1 41279297 20002 19824 19656 19880 19783 246 9834 39459 79134
GCA_002025845.1 77935995 33353 32551 31526 31446 31182 245 15767 62883 126325
GCA_002025925.1 75804006 32734 31891 31345 30680 30340 246 15702 62179 124730
GCA_002215365.1 102785059 44056 42698 41165 40736 40228 245 20811 82962 165272
GCA_002247145.1 40947641 19564 19577 19679 19480 19439 245 9843 38958 77789
GCA_002288995.1 57309778 22343 22065 21931 21900 21520 245 11011 43865 87768
GCA_002734105.1 63589482 30242 30023 29827 29667 29572 245 14956 59389 118487
GCA_002734125.1 68920635 32757 32864 32436 32434 32219 245 16317 64664 128944
GCA_002812785.1 38679692 18931 18889 18662 18573 18790 245 9231 37137 74618
GCA_002911725.1 109132272 38459 36978 34989 34419 34121 245 17569 70183 139869
GCA_002968915.1 61003228 21202 20893 20509 20491 20516 245 10307 41089 82556
GCA_003287315.1 59993950 25935 26271 25596 25494 25754 256 12707 51394 102715
GCA_003328465.1 59784026 26073 25914 25484 25233 25461 245 12703 51085 101953
GCA_003956735.1 70999146 22227 21850 21437 21452 21411 245 10733 43200 86630
GCA_004137865.1 54102658 24596 24113 24030 23617 23607 245 12011 47820 95618
GCA_004137885.1 57620413 25791 25179 24896 24393 24597 245 12424 49590 99152
GCA_004137955.1 59024647 26072 25353 24917 24671 24817 245 12422 49824 99714
GCA_004137965.1 41286511 19797 19448 19624 19224 19312 245 9783 39044 77916
GCA_004137975.1 52856519 24167 23780 23601 23370 23247 245 11742 47063 94232
GCA_004138045.1 59625234 26061 25629 25238 24966 24986 245 12654 50177 100516
GCA_009732905.1 78767658 33299 32393 31740 31040 30758 245 15841 62953 126460
GCA_009732925.1 78823164 33502 32797 31772 31608 31319 245 15911 63386 127214
GCA_009732945.1 78890942 33337 32429 31854 31150 30827 245 15909 63158 126721
GCA_009732985.1 79739945 33763 32983 31909 31784 31477 245 15982 63607 127795
GCA_009733005.1 80058972 33731 32991 31927 31832 31533 245 15988 63655 127720
GCA_009733025.1 79986607 33742 33039 31926 31798 31466 245 16003 63624 127748
GCA_009733045.1 79240560 33613 32862 31836 31669 31397 245 15930 63439 127284
GCA_009733065.1 79356741 33660 32971 31843 31694 31400 245 15959 63514 127527
GCA_009733085.1 80092187 33810 33062 31965 31828 31505 245 16005 63706 127976
GCA_009733105.1 80074095 33786 33041 31951 31834 31502 245 16010 63672 127820
GCA_009733125.1 79795872 33811 32928 31962 31715 31442 245 15975 63696 127768
GCA_009733145.1 78796482 33367 32463 31851 31086 30808 245 15942 63104 126658
GCA_012295415.1 45871644 22009 21682 21610 21560 21491 245 10756 43217 86679
GCA_012295425.1 48522115 22893 22631 22621 22549 22548 245 11208 45093 89853
GCA_012295475.1 61904570 27919 27852 26664 27192 26786 245 13127 54046 108566
GCA_012552325.1 233833953 48675 45543 43178 42410 41439 245 21375 86483 172813
GCA_012656105.1 75871586 29193 28634 27728 27798 27785 245 13817 55611 111713
GCA_012932265.1 57062630 26485 26306 25831 25567 25493 245 12847 51565 102718
GCA_016618375.1 95353620 27853 26615 26149 25516 25402 245 13085 51714 103367
GCA_016864635.1 60638888 27221 27412 26592 26509 26638 245 13195 53373 106740
GCA_016864665.1 61464937 27351 27487 26639 26574 26712 245 13220 53457 106901
GCA_016864695.1 61559140 27306 27469 26622 26571 26712 245 13220 53427 106860
GCA_016864715.1 61417994 27397 27554 26740 26657 26856 245 13265 53662 107327
GCA_016864735.1 62334549 27837 27980 27158 27003 27179 245 13494 54494 108889
GCA_016864755.1 61557802 27399 27510 26702 26627 26744 245 13261 53551 107076
GCA_016864775.1 61468384 27491 27675 26777 26757 26894 245 13297 53761 107591
GCA_016864795.1 62034011 27730 27908 27038 26963 27123 245 13422 54295 108647
GCA_016864815.1 61438509 27298 27458 26615 26542 26679 245 13210 53418 106828
GCA_016864835.1 61235250 27286 27470 26637 26549 26710 245 13218 53454 106885
GCA_016864855.1 61895332 27675 27814 26996 26838 27042 245 13402 54132 108212
GCA_016865055.1 60704655 27467 27603 26856 26777 26913 245 13330 53902 107747
GCA_016865075.1 60473180 27298 27425 26595 26528 26703 245 13189 53403 106794
GCA_016865085.1 60508630 27389 27530 26670 26550 26757 245 13235 53376 106818
GCA_016865095.1 61341915 27223 27143 26452 26433 26386 245 13125 53063 106113
GCA_016880175.1 61369471 27238 27105 26502 26452 26388 245 13142 53109 106200
GCA_016880985.1 61228142 27204 27120 26420 26402 26342 245 13112 52994 105995
GCA_016906365.1 62116567 27573 27884 26899 26958 27035 245 13372 53992 108149
GCA_017309695.1 76455456 34363 34484 33843 33587 33862 245 16819 67680 135593
GCA_018292885.1 77800034 26315 25428 25009 24712 24888 245 12432 49879 100211
GCA_018292895.1 77582640 26368 25564 25365 24947 24890 245 12726 50254 100653
GCA_018292905.1 75767690 25952 25278 25081 24744 24856 245 12510 49729 99409
GCA_018691715.1 111073614 34416 33278 32222 31778 31364 245 16222 64174 128391
GCA_018873745.1 51221495 24544 24753 24366 24118 24449 245 12108 48690 97454
GCA_018873755.1 52269642 24895 25363 24686 24655 24831 245 12275 49551 99299
GCA_019155685.1 40466701 18916 18802 18789 18831 18835 245 9368 37395 75222
GCA_019155715.1 49557427 22760 22483 22448 22338 22231 245 11122 44740 89079
GCF_000142945.1 231402766 50612 47439 44899 44225 43250 246 22170 89807 179832
GCF_000149755.1 83630151 29722 28845 28948 28276 28208 245 14316 57793 114568
GCF_000247585.1 83419396 24966 24865 24604 24525 24594 247 12264 49299 98744
